1892939
3568678
3662555
3931468
3948831
4014006
4032793
4067485
4181240
4240849
4278719
4283393
4325908
4365520
4389304
4418846
4427192
4459705
4476161
4545567
4547666
4609612
4628113
4685151
4756262
4785204
4810041
4827191
4849188
4856441
4886012
4895854
4895859
4950167
4962062
4990177
4998068
4999761
5021098
5039249
5056680
5077417
5095941
5173249
5184442
5184444
5187673
5191386
5294922
5401919
5563692
5595425
5671394
5673334
5681672
5686574
5690706
5702653
5704382
5704426
5705729
5707206
5710945
5721305
5725691
5729570
5834986
5848086
5920447
5932454
6570719
6574374
6575300
6575954
6591221
6599193
6611488
6620304
6679820
6683121
6688475
6706250
6720121
6720278
6721905
6742922
6751558
6756994
6793123
6808098
6832794
6840402
6841282
6849894
6850144
6876469
6884187
6886416
6886973
6909575
6914050
6929610
6942804
6943451
6944163
6954373
6968356
6983504
6986463
6989142
7013676
7056898
7071767
7079017
7084751
7088466
7097120
7101022
7110276
7110765
7110820
7112167
7117354
7117850
7117891
7130191
7132808
7135505
7155829
7156989
7160252
7167806
7167956
7175155
7175421
7176527
7176677
7184664
7191345
7196338
7196558
7196794
7202089
7202123
7202432
7256451
7257230
7313159
7315288
7315988
7318664
7335770
7341231
7341650
7368099
7373277
7374377
7380659
7382297
7382308
7382429
7383102
7386223
7390962
7391030
7394508
7397692
7398074
7398126
7406493
7415979
7417749
7417951
7418204
7422023
7424155
7430392
7433223
7440485
7444383
7444398
7444838
7445561
7445765
7451081
7451338
7453450
7457518
7460588
7461181
7461325
7465012
7465636
7472746
7473038
7473060
7473213
7473348
7473477
7494922
7587234
7590480
7591594
7595379
7598836
7603548
7610590
7610598
7616651
7616957
7617022
7626386
7630603
7654877
7658436
7673621
7673851
7682431
7701134
7720372
7729193
7733118
7778434
7780083
7786658
7789288
7790807
7791209
7791268
7822443
7827555
7850585
7850653
7997019
8308678
8502674
8600400
8610480
8610865
8641772
8659147
8676702
8680517